35234
33017
35546
19719
21094
28995
28994
28997
19718
28991
28992
28999
19398
19397
19396
19395
19393
19392
16640
19390
22261
19713
22262
22265
22264
22267
19712
22269
16071
25062
25063
19710
25067
19717
21092
28567
19716
19715
19714
23924
27373
27375
27376
21091
27379
16642
28996
25286
25284
25285
25282
19972
19971
16250
16709
16256
16255
16254
16705
16707
16258
16701
16703
16702
22487
22481
28562
17258
26394
26393
15482
17250
17251
17252
17253
17254
15481
16645
20809
15487
24882
21619
21618
24884
21615
21617
21616
21611
21613
21612
34525
26022
26021
26020
26029
26028
33396
22871
37795
22879
24085
24084
22260
33303
36843
24716
14624
14625
14626
14620
14621
14622
14623
22266
14628
14629
21732
30413
30416
30419
24369
21733
36155
36150
13051
13057
13054
18703
18702
18701
18700
33502
18706
18704
18709
21730
17829
17828
17827
17823
17822
20258
20259
20252
20253
20250
20251
20254
20255
29438
23509
23053
35149
27617
32397
27615
29389
21737
31232
31233
31230
31231
31237
31234
31235
29101
29100
32069
31239
29105
29106
21734
17754
12830
15289
15288
15285
34555
15286
15281
15280
34570
15282
26625
26621
16886
26622
26629
28386
35936
16375
19334
22679
31917
22671
26567
15557
26561
27378
24708
24709
15003
24700
16885
15000
22013
22011
22016
22017
22014
13618
13619
13615
13616
13617
13610
13611
13612
13613
16064
16065
16066
16067
16060
16061
16062
16063
27720
16068
16069
17620
17622
21473
17626
17629
17628
13531
13532
13535
13534
13536
13539
28704
28257
34381
28706
16392
19561
19562
16391
16396
16397
16394
16395
19568
19569
16399
30833
20731
20730
20885
20884
20883
20882
20737
20880
20738
20889
25980
25547
25541
25549
25548
36304
21283
21280
21935
21284
21937
21288
21289
31167
20089
20088
20087
20086
20085
20084
20083
20082
20081
35116
16934
16935
16932
16252
16251
16938
34429
19270
31909
12225
12223
16257
19976
15708
19975
15879
15700
15701
15874
15703
15704
15705
15870
15707
29372
29373
29370
29377
29374
29378
29379
19979
18934
18935
21424
19978
18930
21423
18932
18933
18939
21428
24149
30624
33024
26816
26812
18824
37161
34911
18825
33753
18823
18537
18310
29594
32143
29593
33936
14345
29598
14344
24554
14343
18643
14479
19577
28429
18640
19576
14471
28424
14473
14472
14475
14474
14477
14476
30594
30337
34305
30331
30227
19573
30224
19572
13840
13843
13842
13844
13847
31572
13849
13848
26392
32860
30223
18648
18649
32867
19032
38369
17255
31169
35216
20746
20747
23263
20740
20741
22249
22248
22246
22245
22244
22243
22241
22240
25048
25049
24751
27418
25040
25041
25734
25044
25733
25730
25047
27396
27397
27394
27393
27411
27413
27415
16239
16238
16728
16231
16722
16233
16232
16235
16234
19917
16236
24888
32602
16741
21638
21633
21632
21630
21635
21634
26049
28875
26040
26045
26044
26047
26046
28871
36445
22815
22296
21927
36820
36793
36827
14642
14867
18891
14641
14646
14863
14644
14861
18545
18544
14648
14649
18540
14868
18542
30220
13073
13078
30433
19091
36177
36170
18769
18768
18099
18098
18761
18760
18762
18765
18766
27807
27552
20273
20274
20275
20276
20277
19092
20279
27808
19236
29299
29298
29291
29290
29292
29295
29297
28021
24269
23074
30293
28022
15119
15118
15115
15114
15116
15111
15113
15112
29126
25899
25898
29122
29121
29120
25893
25892
25890
29129
29128
31218
31219
31749
31210
31211
31212
31213
31742
24261
31216
31217
24260
12859
12858
12851
12850
20692
12855
12586
26603
26601
26607
26606
35911
26609
35918
22655
26544
29044
26546
26547
33270
22382
22381
22386
22387
22384
22385
29515
13988
19575
13984
29512
13980
13981
13982
28656
28657
32285
28653
23386
24763
24761
17397
24767
21753
22032
22033
22037
35666
35661
13678
13679
13672
13673
13670
13671
13676
13677
13674
19762
16003
16000
16001
16006
16007
19764
19765
16008
16009
17606
17357
17604
17603
17601
17352
25386
13519
13517
13516
13515
13514
13513
13511
13510
15436
23923
15341
27234
15435
27230
19588
19589
19586
15432
19584
19585
19582
19583
19581
15346
20865
20715
12427
20713
20712
20710
25563
25562
36363
25565
25564
16117
27066
16110
16111
15866
16112
32007
29124
15711
15710
16918
19638
16916
16910
16912
16119
29362
12205
12203
36586
36581
32176
33030
29358
29359
29350
29351
29352
29354
29355
29356
14981
14980
18950
14982
18956
14984
18954
14986
14989
14988
18958
18959
24160
21401
21403
28543
26835
26837
26830
26831
26832
21434
32126
26838
26839
35030
21436
19517
24151
14189
14181
14183
14182
14185
14187
14186
15854
15855
15857
15850
15851
15852
15853
15859
16379
31314
21438
14325
14324
14327
14454
14453
14452
14323
14450
31311
24575
14329
14328
14459
14458
28409
19817
17985
17986
17987
28403
28402
28401
28406
28405
15582
15583
30602
15581
15586
16372
15584
34325
15589
34480
19193
34320
31009
13868
13867
32567
13864
13863
13862
13860
19445
28425
38381
33676
34184
35278
33096
35270
28427
23249
19317
21407
23240
23711
15326
15324
15325
15322
15323
15320
15321
27007
27004
27002
15329
28426
28701
32588
32583
29580
33350
35586
35580
28354
16217
16216
16215
16214
16213
16212
16211
16210
16748
19249
19248
19939
16218
17799
27924
28422
27799
25713
21651
21874
21653
21876
21655
21654
21872
21659
21658
27792
27579
27793
26066
26065
26064
16274
30969
26068
28708
17166
22839
17164
17162
17163
17160
22831
33307
28709
21777
36774
14668
14669
18569
14848
33729
14660
14845
14846
14847
14664
14665
18565
18564
21774
30236
33257
13096
13095
13091
21775
36115
33549
33254
24241
33544
28625
27828
27829
20298
27824
20297
20295
27820
20293
20290
20291
28938
21773
18285
22424
33252
15138
23501
15133
15130
15137
15136
15135
15134
31765
26991
26997
26995
26994
26999
18745
18744
18742
18741
18740
33250
33899
18749
18748
12877
12875
34045
12872
34041
34049
33251
26669
31497
26661
26660
26664
26667
28091
24298
23012
28094
28095
23019
24293
24290
24297
22633
26522
26523
34935
26525
28367
24743
24746
32348
28898
34932
28679
28890
28675
28677
28368
28896
28673
28369
13650
33150
13652
13653
13655
13656
13657
13658
26293
26296
26297
29109
29108
19748
19038
19039
19036
19037
19034
19035
16024
19745
19030
19031
17373
17372
17371
17377
14976
25365
25367
25360
23900
21096
23905
14870
32023
27213
27211
32340
27217
16639
27219
27218
16186
20849
20848
20843
20842
20841
20840
25508
33510
28960
25501
16637
36341
16636
16688
16689
16684
16686
16680
16681
16682
37551
33408
16978
16979
16972
16970
16976
16974
16975
17080
17083
17082
17085
18406
17086
17089
17088
33152
12266
12836
18996
18997
18994
14234
18992
14940
22997
18979
21468
12838
14943
22990
18970
18971
21460
33394
18974
19993
18976
21465
20591
20593
19992
20597
20596
20599
20598
12912
19994
26852
26853
12913
26856
19221
26854
26855
12914
33378
33314
30171
15832
15831
15836
15837
15834
15839
16723
17452
17453
32101
14303
14301
14300
18358
28464
14305
14304
28469
18355
18356
14308
18351
18353
27455
20337
20336
20331
20330
20333
27452
17966
17967
17965
20339
20338
17960
17961
30375
31029
31028
24037
31021
31027
33310
31634
20796
38357
28285
28287
28286
28281
28283
28289
21145
27026
27021
27022
16982
16981
23224
21146
15308
15309
15304
21141
15306
12467
15300
15301
15303
35074
16457
16456
19487
19486
19485
19484
19483
19481
19480
16724
34707
33375
35250
35256
30751
28982
19263
19262
19261
19260
19267
19266
19265
16765
19268
16763
16760
22175
22174
22177
22176
22171
22170
12294
22179
22178
33319
26112
33377
21815
25773
25770
25777
25774
25775
25779
30710
21853
21852
21851
21850
21857
24828
21679
21678
21677
21676
21858
21673
21672
24823
24822
26089
26088
26084
26081
26080
26082
21844
33370
17418
17419
17416
17146
17147
17412
17413
17410
17411
36755
14935
25192
25193
25190
13306
13305
13302
25198
36286
33372
14828
14829
14822
14823
14820
14821
14826
14827
14824
20108
20109
20106
20107
20104
20105
20103
20100
20101
36130
28396
36136
28147
24194
27596
27591
27593
27599
21493
27842
14939
27845
29259
29258
29254
29251
29250
29252
18501
18500
18503
18502
21367
18507
18506
18509
18508
37440
25727
15151
15150
15153
15152
15155
15154
15157
15159
15158
29394
33379
29103
29397
31705
33885
37663
33563
37667
28734
30616
37669
29393
29102
34064
12894
12891
26646
26645
26640
26648
28078
28074
28075
23033
28073
22619
22348
22349
22346
22611
22344
22345
22342
22343
22340
26500
26502
26507
27738
15012
38226
28618
19740
28613
28611
28614
30393
31901
27730
27731
14170
14171
19014
32224
19016
32937
19010
19012
19705
14173
19018
19706
28544
19707
19700
30399
19701
19702
30116
19703
25699
25698
25343
25342
25345
25344
23961
19744
19709
27274
27277
25527
28264
25521
25520
28263
25993
28261
21992
34451
21991
21996
19746
21998
17311
12798
17315
17317
12792
17318
12796
16627
19446
19747
28722
16406
16407
16404
16953
16402
16403
16400
31156
16958
16959
16408
16409
12241
21198
21199
12248
21193
21190
21191
21196
21197
21194
20821
20820
20823
31757
20825
20824
20826
20828
31150
19969
19668
21336
19964
21334
21443
21444
21333
21330
21447
21449
19966
21338
21339
16715
16712
22976
22970
19961
19962
19963
26878
26879
33622
26870
26871
26875
26876
26877
14149
14148
14145
14147
14146
14141
14140
14143
33745
15818
15819
13111
13116
13114
15810
15811
13119
15813
15814
15816
15817
16708
18673
19727
18672
14352
14368
17946
17947
17940
17941
17942
28448
14493
14360
14491
18331
17948
17949
18334
18335
20313
20312
27471
20310
20317
20316
27475
20314
27479
20318
38036
33928
19563
37917
27495
19565
19566
19661
29066
29064
29065
29062
29063
29060
19723
19660
29068
23201
28919
23757
20886
23208
23759
28911
20733
28913
27043
34497
27041
26499
27044
27048
15368
15369
20881
12402
12403
15360
15361
15366
15367
15364
15365
31517
31040
31043
35819
31045
31044
31047
31046
31049
32891
19469
19468
19465
19467
19461
19460
19463
19462
34723
20888
35811
24465
24464
24460
27403
24468
19208
30694
21867
32093
19200
19203
19202
19205
19204
19207
19206
22153
22152
22151
22150
22157
22408
22154
22404
22407
22158
22401
22400
22403
22402
13755
13754
13757
13756
13751
13753
13752
21602
26317
26316
26311
26312
21600
25750
25751
33192
25754
21839
21838
24808
21831
26493
21833
21832
24807
21834
21836
19920
23822
16827
17435
17436
17437
17430
17431
17432
17433
31510
27153
13324
17128
13327
13320
13322
13323
17122
17120
17121
13329
17124
19922
36736
37348
27934
19600
19923
21287
20124
20125
20120
20121
20122
20123
20129
17179
19603
19925
27861
29273
29277
29276
29275
35992
14800
14801
14803
14804
14805
19927
14807
14808
18526
18525
18836
18523
18830
18833
18832
30580
30239
30238
15179
15177
15176
15175
15174
15173
15172
15170
29180
29183
29182
29185
29184
29186
29189
28012
15545
28037
31728
33194
31720
28119
37609
18789
18788
18783
18782
18780
18787
28038
18785
18784
34008
34000
22417
19847
14776
14777
14774
14775
14772
14773
14770
14771
24254
24252
28059
14778
14779
16102
28589
28015
28582
28583
28581
28587
28585
29523
24786
31188
31189
13928
31184
13927
13924
13925
31180
31181
13920
31183
28630
28632
29520
28634
28635
28636
28638
16931
29034
22412
19797
38202
13694
13695
13697
13690
13691
13692
13693
13698
13699
35608
37074
16567
19073
19070
19071
19076
19077
19074
19075
19078
19079
22364
22365
19842
22367
22361
22363
27780
22368
22369
25321
25320
25323
25322
29556
25329
25328
19841
23945
23411
28437
27257
27254
27252
27251
27250
27259
22092
22093
22090
22091
22098
22099
14874
19696
19697
19694
14876
19692
19693
19690
14655
19698
19699
19641
14873
19316
14872
19315
15876
19314
19640
17337
19313
17335
17334
15702
16164
33722
19647
15872
16166
28749
19649
19643
16428
15706
16425
16426
16420
16421
16422
16423
26126
19642
26122
32639
26120
20808
20807
20806
20805
20804
20803
20802
20801
26129
19645
21319
37475
21317
21311
21312
21313
17592
17590
17596
17595
21422
22951
17598
22957
21426
21427
14169
18937
14163
14162
14161
14167
14166
14164
19869
21420
19646
21421
13179
13178
13171
13172
14347
18647
18644
18645
18314
18315
18316
18641
18319
33249
33248
14349
14348
21075
31305
17926
17924
17925
17928
19863
27419
20378
21076
20371
20370
34927
20372
20375
20377
19864
16307
21072
28741
15698
15699
33921
15692
15693
15690
15691
15696
15697
15694
29048
29049
29518
29516
29046
29047
29040
29513
29042
28939
36393
25655
28933
28932
23773
28935
28934
15340
15437
12422
15343
15344
15433
15430
15431
15348
15349
15438
27067
28665
35039
31069
31068
31067
31066
31065
31064
31062
31061
31060
19199
19198
19449
19448
19191
19190
19441
19192
19195
19194
19197
19444
34749
34741
35295
30167
20266
24440
24444
27810
27813
26819
27930
22139
22429
22428
22423
22422
22133
22420
22427
22136
13773
13772
13770
17788
13774
26333
13779
26337
22300
27818
22301
20269
22306
17784
22307
28923
33404
24451
19991
19226
19225
19224
19223
19222
19997
19220
19999
19998
19229
19228
17100
17101
17450
17451
17104
17105
17106
17108
17109
17458
17459
13343
13340
13347
13344
13345
13348
15484
30226
36247
36240
36717
27957
24860
24863
21814
21813
21812
24867
25654
24868
27236
21819
21818
20142
20141
20146
20144
20145
20148
33400
25652
16854
16856
16851
16850
16853
16859
16858
22129
12169
30225
27889
37597
27882
29211
29210
29213
29217
29216
29219
29218
30222
21765
21764
21766
21761
21763
21762
22126
21769
21768
22127
18819
18818
33038
18813
18812
37593
18810
18817
18816
18815
18814
30219
30218
30213
30212
30211
30210
30217
30216
30214
26939
26938
26937
26936
26931
26930
26932
37626
37620
30387
24552
33769
26688
24270
24272
26683
26680
24278
24279
26684
28030
28031
14758
14759
28035
14754
14755
14756
14757
14750
14751
14752
14753
34243
13904
13905
32572
13902
13909
35198
18107
18100
18103
18109
18108
28358
32579
28357
34022
34028
38266
28355
31306
31307
31304
35370
31303
31300
31301
28421
35379
31308
28352
28350
19058
19059
28013
34300
19050
19052
19053
19054
19055
32976
19057
22302
22303
25907
25906
25901
25900
22305
22309
25908
25308
25307
25306
25304
33646
25300
29112
23436
31205
29116
31242
31202
29114
35403
16194
16198
16199
16629
16626
16195
16196
16197
16622
16191
16192
16621
33418
16625
12756
16190
12754
18843
16623
16193
16994
16995
16996
16990
16991
16992
33149
16998
16999
12286
16449
12283
16442
16443
21154
16441
21153
16444
16445
27094
26109
12757
19909
26107
26101
26102
21484
21485
14957
21489
12824
21378
21379
22934
33362
21370
21371
21376
21374
14953
19230
33360
19983
12820
14227
19980
12949
13489
13488
15290
18214
13481
19986
13483
13482
13485
30141
13487
19987
18480
33486
14103
14102
18485
18486
14106
18489
19985
17715
17717
17716
33368
33369
20689
13156
13152
13151
20681
20683
20685
20684
13159
28230
36508
36059
36501
33263
33262
33260
18668
18669
33265
37652
18664
18666
18667
18660
18661
18662
18663
20425
20424
20427
20426
20353
20420
20351
20422
17901
17903
20429
38071
20358
30680
34905
30687
18691
36314
21522
12991
12993
26709
12998
37245
30973
37712
29535
29537
29530
29531
29028
36074
29023
29021
29026
24009
29024
29025
21159
21156
15418
34840
18561
15414
15415
15417
15410
12941
15413
26744
21155
26743
16447
21150
34767
30165
27098
14289
30164
28756
24429
28774
28953
28952
28771
28770
28772
28959
28958
28779
24424
22117
22115
22442
22113
22111
22446
22119
26352
26355
26358
22641
13719
13718
13711
13710
13712
13715
13714
13717
13716
19421
19420
19423
19425
19424
19427
19426
19429
21805
21806
19861
21807
26559
14647
26106
30160
19860
21042
16298
16297
16295
16293
16292
16291
16290
17478
17470
17471
17472
17474
17475
17476
17477
13368
13369
36266
25460
13360
13361
13362
13363
13365
13367
24846
24845
24844
20168
20169
33446
20160
20161
20162
20164
20165
20166
36193
16872
16870
16877
16875
16874
16878
12140
12149
37026
20776
29239
29237
29236
29235
29234
36996
29231
21742
18873
21740
21747
18874
18877
18876
18879
18878
21749
26395
25737
21375
26913
26917
26916
26915
26914
28051
29493
29491
29490
29497
29496
29494
29499
29498
24212
18297
18291
18290
18293
18292
18299
18298
14738
14739
28549
14733
14730
14731
28542
14737
14734
14735
30271
34220
30277
28053
34228
37307
13960
13966
13964
13965
13968
35172
18121
18127
18126
18125
13480
18128
38240
37864
31970
13486
34595
30818
35319
14340
31975
31326
31327
31320
18482
31323
23185
14104
15065
15067
15066
30891
15060
15063
16010
27745
27741
15068
27743
30810
25923
25922
25921
14108
25929
25928
22325
22326
22327
16017
19776
25676
19779
23452
23986
27299
27292
27291
27297
27294
28270
28271
28272
16604
16605
16607
16600
16601
16602
28274
16608
16609
28275
12776
12770
12772
32333
12778
34443
22586
30724
16460
16461
16462
21177
16464
16465
16466
21173
16468
16469
21178
21179
24989
24986
24987
24985
19918
21771
25583
25585
25584
25587
26166
26164
21350
21351
21352
21354
21355
21356
31457
21358
21359
19911
20687
22919
19910
19913
22910
16720
31450
16727
19914
19916
35716
14129
14126
18464
18465
18462
18463
14121
14120
17732
17731
17730
17737
27982
27981
17739
17738
27989
27988
27979
36528
33337
36032
33208
14389
18609
18602
14382
14381
14380
14387
18607
33207
14384
20402
20401
20400
20406
20404
24135
33267
20408
33266
18233
33264
37906
20453
27974
33268
35826
15658
15659
15656
12977
12975
15652
15653
15650
12971
29552
29001
29002
29003
29004
29005
29554
17909
29009
27435
32840
20354
27433
27972
37928
29510
20352
15384
20890
15386
15387
15380
27431
15383
19965
20350
15479
32846
15473
15471
15476
15477
15474
20896
26764
26765
26767
26761
27439
27970
27438
19967
34786
30203
24407
25556
24405
24404
19960
24400
28753
28751
28750
28209
28208
28979
28977
28204
28759
28758
28201
28200
28971
28202
22469
22464
22463
35786
13735
13734
13733
13732
13731
13730
26377
26374
13739
13738
19159
19158
19409
19408
19407
19405
19404
19151
19150
19401
19400
35436
26475
23848
27176
27175
27173
27170
27171
32787
27178
36200
25118
25119
25116
25117
25447
25110
25111
26479
28853
15205
16624
16819
16818
28317
16811
16810
15202
16814
16817
12121
19808
27444
32232
21729
33073
18859
18858
18857
37006
21723
18854
18853
18852
21727
18850
26971
26977
26976
26979
32443
24657
28007
28006
28109
28005
28337
28556
28003
35859
28550
28564
14711
14712
14713
14714
14715
14716
14241
14718
24231
28000
28568
24235
14248
14249
29029
30259
30525
30255
34206
13948
13949
31128
31129
13940
13941
31124
13943
13944
31123
31120
31121
28693
28690
28691
28696
28697
28695
27436
18140
28698
28699
18145
18144
18147
18146
35530
31343
31344
31345
19784
19785
15043
15042
15040
15047
15046
15045
15044
27763
15049
27760
27765
16573
29615
16570
33316
29612
25945
25944
25947
25946
23477
28445
35337
35847
35840
19623
16662
18893
19364
16661
19362
19363
16664
19361
16668
16669
27430
14640
19368
19369
12710
14865
12717
18897
12718
18548
19300
18895
19301
14645
16170
16171
25617
16176
26491
18547
16177
21112
21110
18898
21116
16174
21114
16489
16487
16484
16175
16482
16483
16481
26745
22703
16178
26140
16179
26144
26145
26148
33966
17280
17539
17284
17535
17288
17533
13449
13448
13444
13447
13446
13441
13440
13443
13442
17224
33199
33448
33193
33440
21411
17220
20649
20645
20644
20647
20646
20641
20640
20643
21416
36540
36014
36545
21415
13192
21414
13196
16319
21419
28443
20468
20399
20398
21067
20393
20460
20463
20390
20465
20396
20466
16311
21062
16317
18444
18445
19874
18442
18443
16315
18448
18449
15674
15675
15676
15671
12952
15673
15678
12959
29579
29572
29573
37046
29576
29577
18620
37767
18622
18623
18624
18625
18626
18628
33229
33228
15906
15451
15452
15453
15454
15903
15901
15459
14794
34411
30758
15909
24396
26708
24394
24391
20894
31596
26700
26707
26704
18093
18090
29597
18097
24905
14505
14504
14507
14501
14500
14503
14509
14508
23288
28738
38161
28223
27802
28733
28732
28735
28226
28225
27555
27800
27558
38191
28775
27908
28777
19824
19179
19178
32899
32811
19177
19176
19175
19174
28956
35453
14365
19281
19283
19282
19285
19284
19287
19286
19289
23867
28778
25230
27158
27159
27156
27151
27152
25236
25130
25131
25132
25133
37358
25138
36220
25420
25421
25239
25238
22447
37524
22110
25643
19825
16344
16835
16346
16341
19820
16343
16342
25641
16349
19828
16793
36488
36959
37388
36482
21255
21254
21257
21256
21251
21253
21258
21708
14888
14889
37578
14880
14881
14882
14883
14884
14885
14886
14887
26956
26954
26953
26952
37681
14081
14084
14085
14086
37686
14088
37688
18364
13276
13272
37993
32533
24545
28502
28503
28500
14268
14269
28504
28505
14264
14265
14266
28509
14260
14261
14263
20076
20077
20074
20072
20070
20071
32503
20078
18368
20951
34889
34882
20953
18166
27534
20952
18163
18162
18161
14468
18169
14469
20957
20956
34080
33327
34087
27574
28434
28343
28432
28433
27700
27703
27702
27705
27709
28347
15029
15028
25963
25962
25961
25960
15021
15020
15022
15024
15027
15026
35131
31105
31106
31107
31103
30345
31108
32480
24113
32487
23493
35412
34622
31215
31361
35867
35687
31369
35682
16648
16649
19349
16138
16139
16136
16137
19346
19347
16644
19341
16646
16131
12738
28398
12733
12735
35048
32325
24616
24613
25639
25634
25631
25630
21138
21139
24948
21130
24947
21132
21133
24942
24943
21136
21137
33173
22727
24019
31818
33176
33353
33352
17519
17518
12582
17513
17512
17511
17514
25093
13469
13468
14789
25095
25094
13463
13462
13461
13460
13467
13466
13465
14787
14786
33359
17777
17776
14784
17770
17778
20669
20668
20663
20662
18201
20667
20666
20665
20664
20006
20557
21395
21392
21393
20550
20915
20446
20917
20916
20443
20442
20913
20440
14292
20919
20918
20449
20448
18422
33420
18420
18421
33425
33427
30285
18429
12932
15613
15610
15611
12936
15617
15614
15615
30198
12939
33283
37064
33282
21538
18687
25466
33287
25467
33286
18399
37748
18391
18392
18393
18394
18395
18396
18397
15929
15924
15926
15927
15922
30773
26721
26722
26724
26725
26729
21161
14695
14694
14697
14696
14691
24378
14693
24374
14698
21166
21165
21164
14523
14522
14521
14520
14527
14526
28247
28246
28248
14529
14528
22388
28719
28718
20905
38149
28513
19110
19113
19112
19115
19117
19116
19119
19118
35470
12454
35478
28865
28867
28866
28861
28860
15331
28869
27018
23807
23804
15783
27132
27133
27136
27137
25152
25150
25157
25155
25408
12459
27010
16587
16586
16585
16584
16582
32293
16580
16589
16588
12695
32922
24197
12691
21898
21892
12699
21890
28655
28651
16363
19802
16361
16360
19807
16366
16365
16364
16369
16368
21099
21098
24766
26261
26262
17180
17182
17183
17184
26268
17186
21273
37510
21270
21276
21275
21274
21279
21278
21127
27416
14068
14066
14067
14063
14061
21642
36977
13258
13259
13254
13255
13250
14117
18984
18987
18986
18980
18983
18982
18989
18988
28528
28529
14209
14202
14203
28522
14201
28524
28526
14205
20058
20059
20054
20055
20056
20051
20052
20053
36600
28664
36609
27955
18185
18187
18186
18180
18182
27516
14567
33824
27696
14565
29383
31962
14564
29387
29386
29385
29384
29437
29436
29430
29432
28389
28384
23127
28387
28381
28382
28383
15006
15005
15004
15551
15002
15553
15552
27727
33494
15559
27721
15008
16002
25988
19763
25985
25984
25986
19760
31162
31160
19761
31166
14569
31164
31165
18907
31168
24480
19767
16004
32466
18885
34604
19768
19769
27816
24584
31386
20830
35804
24589
19329
33354
19322
19323
19321
19326
19324
19325
22298
22528
22294
22524
22297
22290
22291
22292
22293
13896
30730
13895
13893
26459
26455
26452
13898
26451
24638
17709
24630
24633
17356
30736
21741
26184
26186
18872
26180
22743
26188
21746
21745
21744
19908
31833
19634
16115
16116
19637
19630
19631
19632
16113
16118
19639
17573
17572
17574
17576
13401
19902
13403
13402
13405
13404
13407
13406
13409
32061
19906
19907
24965
24966
24967
24963
16225
20601
27923
20602
20605
20604
20606
20608
17793
17792
25215
25213
25212
36047
14242
15732
37084
20933
20932
20931
20930
20937
20936
20935
20934
20939
20938
12315
12310
33275
18400
33154
18402
33156
18405
12318
18407
15638
33277
15630
15631
15632
15633
15634
15636
33271
33273
20340
21514
21515
27686
24030
27421
27239
27422
27238
37729
20344
37720
20433
32663
15948
27426
15942
15943
15940
27427
30716
15947
15945
38060
20868
24359
24356
18642
20717
20867
20866
20861
20860
32824
28268
28266
14543
14542
14545
14544
14547
14546
15494
27472
15497
15490
15491
34457
17893
17890
15498
15499
17894
38126
13791
13790
13793
13792
13795
13797
13796
13799
13798
32353
14321
19139
19138
19137
19136
19134
19133
32852
19130
30381
28961
35498
35490
28843
23354
23823
28846
28845
28844
28849
28848
33358
27112
27113
27114
27115
27117
22198
22196
22195
22194
22192
22191
25179
25170
25172
25176
19792
19791
19790
16569
16568
16565
19799
16566
16561
16560
16562
12675
12673
28824
16309
16308
21078
16301
16300
16303
19862
21071
16304
19867
16306
15210
26240
26246
26245
12969
21105
24215
21219
21218
15218
37539
21211
21210
21213
21212
21215
21214
21217
21216
28889
15641
15642
14045
14040
14041
14043
14048
14049
24569
29547
28547
13236
13237
14956
14221
14954
14955
14224
14225
14226
14951
14229
37398
18213
14959
28016
28541
32624
20038
20039
34849
20032
20033
20030
20031
30542
20034
20035
36626
31564
28089
15796
15795
15794
15793
15791
15798
37415
29418
16915
29413
29411
29417
29416
29414
23103
16091
15571
15570
15576
15575
15574
15578
16093
26885
26884
26883
19736
26889
14499
16546
31149
16097
31140
31141
31142
31143
31146
31147
20723
34664
32747
35395
22503
22509
15393
26477
26471
15392
18888
15391
15462
14855
14854
18556
24659
28102
18557
24652
18886
28108
24655
18555
16149
22767
18552
16148
18881
16147
14671
16145
16144
16143
31857
16142
16172
19653
19302
19303
19656
19657
19654
19307
19308
19309
19658
19659
19515
17229
17228
17559
17558
17225
17556
17555
17226
17553
17552
17223
17222
19844
13428
13427
13426
13425
13423
13421
16322
16321
19512
24900
17237
17234
18952
17235
20629
20628
20626
20624
20623
20622
20621
20620
25232
25231
18951
16329
24158
14497
19848
21409
16797
16792
14987
16799
21405
14496
24166
20959
20958
15734
20488
20483
20482
20481
20480
20955
20954
20485
20484
21686
21687
21684
13433
21683
21680
21681
21688
21689
35311
33179
12339
12334
12331
33175
30485
29088
32725
29081
29083
29084
29086
29087
18682
18683
18680
18681
18686
21539
37706
18685
33288
18688
18689
21531
21532
22886
24332
24336
24339
27068
31088
30154
30155
30156
30157
30150
30151
30152
30153
14597
30158
30159
31287
31286
31285
31284
31283
31281
21045
31289
18026
14566
18024
18025
14562
14561
14560
24487
27749
24485
33556
24482
18028
14568
38102
34435
15960
15963
15964
15965
15966
15967
15968
34473
21945
35708
21047
35700
30898
27742
22328
27683
27685
21040
28947
28940
25826
25822
25823
25829
28761
28829
28828
23378
24433
28821
28823
28822
23370
22322
28826
15217
15214
15215
15213
12530
12538
27456
16099
16098
16549
16543
16542
16541
16092
16095
16094
16545
16544
27061
12657
33608
16891
19846
16325
19516
19511
19510
19513
19840
16899
16898
19519
19849
16328
21058
21052
21050
21057
21056
26229
26224
21237
21944
21235
21234
21233
21231
21230
21949
21239
25884
14022
14023
14021
14027
14025
17056
17057
17054
17055
17053
17050
17051
17058
17059
13210
18376
13217
13219
18374
36939
36399
36930
18372
36424
14320
14798
18239
18238
14978
18370
27189
14790
14791
14792
14793
14970
18236
14972
14973
20546
20547
20544
20545
20542
20543
20016
20541
20018
20549
33958
32511
18378
36643
18379
20941
28408
15779
15778
15775
15774
15777
15771
15770
15773
15772
29470
29473
29472
29475
29477
29476
25883
15519
30838
15511
15512
15515
15517
31611
30353
34981
29098
37114
34135
13211
28259
16023
34989
32709
23161
27181
23169
32135
22565
26414
26415
31557
24676
24678
24679
35056
32421
28128
28129
28124
28126
32429
28121
31001
22783
31872
35510
35517
31878
23780
23788
16158
16159
27097
27096
27091
16150
16151
19672
16153
19674
16155
16156
16157
17208
37563
17202
17201
17200
17207
17206
17205
25782
25039
25786
25784
33348
25033
14979
27165
24928
14974
27321
27325
18232
24920
24921
27329
18231
24927
18230
18237
27162
14795
14796
25252
25255
25254
25256
20010
20012
27168
31489
34867
20014
19601
20015
36897
21174
16047
21175
20017
21176
21170
30910
16044
21172
33116
12358
28084
12350
34418
16045
33292
33293
16042
21559
21552
21553
21551
21556
21557
24074
21555
20977
20976
20975
20974
20973
20972
20971
20970
25109
16043
33298
20979
20978
26781
26786
26787
26784
26785
24064
27728
30914
24067
24317
24313
24310
30133
13006
13001
13000
16041
30135
30139
13009
13008
31269
31265
31264
31267
31266
31261
30916
31262
33800
18008
18009
14585
14584
14586
18000
18001
14583
14582
20205
27524
20207
20206
20200
20203
20202
17855
20209
20208
17851
32190
15986
15987
15985
15982
15983
15980
30140
30918
23719
15187
15184
15182
15183
15180
15181
27665
27662
27663
15188
15189
28566
25809
25807
32390
28807
12446
28805
28803
28802
28801
28800
28809
28808
23314
12443
15238
15239
12514
15235
12516
15237
15230
15231
15232
15233
16126
35723
35157
18277
16521
16520
16523
16522
16525
16524
16527
16526
16529
16528
12630
12635
18559
24186
27001
24187
24184
16203
19533
19532
19531
19530
19537
21034
21037
21036
21039
21038
19539
19538
32182
28887
22046
22041
34312
12185
22049
22048
16387
26207
26203
26202
28795
33600
26208
18554
21963
21962
21967
21789
21788
21787
21784
21783
21782
21781
21780
17692
17693
17694
16206
13580
13581
13583
13584
13585
13586
13589
33995
14009
28792
14001
18553
14005
14006
14007
20780
20781
20782
17078
20785
20786
20787
20788
20789
17076
17077
17070
17071
17072
17073
36404
35676
18550
31954
14918
14919
26289
14912
14913
14910
14911
14916
14917
14915
20568
20569
34805
20564
16327
20561
20562
20563
36660
36669
31297
35679
15759
15758
15753
15752
15751
15750
15757
15756
15755
15754
29329
29328
29459
29458
29457
29327
29321
29320
29323
29322
18251
18250
18252
33630
18256
18259
18258
33638
18016
15537
15536
15535
15533
37845
30673
30856
18014
24490
31676
18655
33374
37134
14124
34116
14122
32277
33463
19756
19755
19026
27986
19021
16320
16032
18312
28498
16031
28328
23148
27983
28496
19750
23143
28491
28320
28321
19245
19936
22237
22234
22235
22544
19935
22230
22231
26438
26439
31094
19934
31090
31091
26430
19241
26436
19240
19931
24699
24696
24697
14457
19242
24692
28148
29226
15277
28142
28140
28141
28146
17344
38318
17345
17342
16219
33065
21066
19938
31893
25390
15657
34465
21755
21756
21757
18317
25398
21064
25012
25010
25016
25014
33044
27349
27341
27342
27344
27347
25276
25275
25271
25270
16167
25278
33376
14451
36520
28951
17261
17260
17262
17265
19885
17266
17268
36877
18608
21060
14388
29007
12371
33138
12378
12379
33131
33201
32906
18600
33205
14386
21570
21571
21572
21573
21574
21575
21576
21577
24058
21579
18605
17485
17484
17487
17486
17480
17483
17482
22847
17489
33371
13394
13397
13396
13391
13390
13393
13392
20995
20994
20997
20996
13399
13398
20993
20992
21650
27671
34966
33792
21652
14618
14615
14614
14617
14616
14610
14613
14612
20195
20194
20196
20191
20190
20192
20198
21144
13022
13025
13024
30110
30447
30112
30113
30114
30115
25670
30117
31249
31243
20872
31241
31240
31247
31246
21147
20873
17874
18068
17872
17873
18063
18060
18061
17878
18067
37834
18065
20223
20222
20221
20226
20224
20229
20228
33280
27645
23088
27647
27641
27642
27643
23081
27649
21140
28479
32553
29157
29154
25869
29153
29151
25862
25861
25865
23330
23886
23338
33285
34563
26063
12578
15259
33284
12570
15251
15256
15254
15255
31427
35740
35745
32218
35969
19083
19082
19081
19087
19738
16509
19084
16507
16506
16505
16056
19731
16502
19733
16500
22687
12619
12612
26595
26592
26591
33951
26599
26598
24735
24734
24737
24733
28835
24175
19559
19558
19889
19888
21018
19883
19550
19881
19880
19887
19554
19557
19556
22061
22065
22068
15226
13625
14707
13627
13626
31931
13620
13623
13622
31939
13628
14704
36366
14703
25483
25484
14702
21908
14253
21901
14700
21907
17678
17679
17674
17672
17673
17671
13568
13569
13566
13567
13565
13562
13563
13560
13561
24221
15355
32211
14362
17018
17019
20768
17012
20767
17010
17011
20762
20763
17014
17015
36460
28127
36467
17167
29555
20508
20509
20502
20503
34822
20501
20504
20505
33402
36683
15887
15730
15885
15884
15735
15882
15737
15736
15739
15738
14971
15350
29303
29307
29306
29305
29304
14282
14931
14932
14933
18909
18908
18279
14937
18905
18904
18275
18906
18900
18903
30652
15089
15088
30877
15086
30307
15083
15082
15081
15080
31684
31654
12649
31134
37152
31689
34178
34170
35880
35889
31132
36802
14426
28305
14425
14422
14423
14420
34943
24505
24502
28309
14428
14429
32056
38082
13818
13819
13816
13817
35083
13815
13812
13813
13810
13811
19678
28162
28163
28164
19679
28168
28169
18563
34681
14661
14662
35225
14663
35552
14840
18566
19670
14842
19671
14843
21085
16152
19673
32687
16154
19675
22214
22215
22217
22210
19676
22212
19677
22218
22219
25071
21044
25077
19507
25079
16880
16333
19502
28514
19503
27366
27365
19856
27361
19857
27369
27368
16338
21088
21479
25297
25296
25292
19946
16267
16264
16265
16262
19943
19940
16261
29425
16268
19949
34531
18969
18968
24177
17248
17246
17245
17244
17243
17242
20852
33247
36859
21472
36852
18960
12394
12395
26016
26013
28414
21598
21599
21597
21594
21592
21593
21590
21591
22863
30929
28416
26840
26843
14639
18599
28417
18592
14632
18590
18591
14637
14636
18595
30461
26846
30469
13048
16772
13040
13042
13046
18736
18737
33517
18735
18044
18733
18046
18731
27324
18738
18739
16773
17817
17814
17815
17818
30883
27568
30795
20241
20240
20243
20242
20245
20244
20247
20246
27756
36262
23533
21957
21954
28413
27623
27620
25656
21225
25842
25845
25846
25847
18338
27821
31221
31223
31222
31225
31224
31227
31226
31229
28757
27823
29170
29171
29173
28755
18339
15270
12807
12804
15273
15274
12800
12557
15278
27191
34549
27193
27195
28974
28973
35944
35763
16079
16078
16073
16072
19711
16070
16077
16076
16075
16074
28841
21462
22663
23991
26579
36093
26576
26572
24712
16745
24715
21463
24718
22009
22000
22002
22007
13603
13602
13601
13600
13607
13605
13604
13609
13608
29177
17654
17655
17657
35780
17653
26378
17658
13544
13545
17388
13540
13542
13543
17383
17380
17381
13549
17384
17385
16381
16380
16383
16385
16384
19571
19570
16389
16388
26370
19578
20744
20745
17032
17033
17034
17035
17036
17037
17039
14336
14441
36333
34396
21291
21926
18340
21297
21296
21299
14332
33943
20521
20522
20524
20525
20526
20528
20529
14447
19751
16924
16926
16920
16923
16928
12231
12233
12239
15868
15719
15718
15717
15715
15714
15713
15712
15863
15862
29361
32953
29365
29364
29367
29366
29369
32152
32525
21435
20797
21437
19156
21431
21430
21432
21439
20795
19402
18928
19153
18923
18922
18921
19152
18926
18925
18924
16671
20791
19374
30323
30630
20790
30637
26809
26808
26805
26804
26806
35634
26803
19370
32301
37171
16513
29585
29586
29581
33892
37642
29589
29588
24525
24522
24528
37566
28363
28361
14409
28365
14406
14407
14401
14402
14403
34374
13835
13836
13837
13831
13832
13833
27478
13839
16516
34515
33329
28189
28186
28187
28185
28181
16517
34157
31014
27109
35208
28987
28985
23271
28983
28980
28981
37562
35064
23279
28988
28989
19388
19389
19380
19382
19384
19385
19387
22273
22270
22271
22276
22274
22275
22278
22279
30957
16658
33338
25057
25056
25055
25054
25722
35098
27389
27385
27384
27387
27381
27382
33330
16656
33333
33332
33334
16248
16249
16244
16717
16246
16247
16240
16241
16242
16243
22497
22492
22498
26386
26387
26384
26381
24898
21608
21609
21606
21607
21604
24897
24890
21603
24892
29274
33326
21109
26037
26030
26032
24094
24093
24098
21322
16651
28098
22807
37786
32110
36784
36835
14875
14650
14653
14652
14871
14654
14657
14656
14658
14879
14878
25444
24075
13067
30403
13064
30406
13061
30409
36162
16755
33531
18718
18719
18714
18715
33539
18710
18712
18713
20267
17839
27544
20263
20262
20261
20260
17831
17835
17836
20268
32518
31668
23046
23040
23517
27604
19344
30920
31209
31208
31207
29113
16890
31204
31203
19560
31201
31200
16893
19345
27039
37875
12828
15298
15296
15297
15292
15293
12822
26637
26633
26630
26638
35926
30949
22399
22648
22391
22393
22392
22395
22397
22396
13993
13991
13990
13997
26552
13999
13998
26554
28644
16894
28646
28640
28643
28642
28648
24777
33206
22024
22023
22020
22029
28674
13669
13668
13660
13663
13662
13665
13664
16896
13666
19771
19770
16013
16012
16015
19774
19777
16016
16019
28897
17631
17636
17637
17635
17638
17639
13522
13523
13521
13526
13527
13524
13528
13529
33524
19599
19598
19594
19597
19591
19590
19593
19592
20722
20891
20893
20726
20895
20724
20897
20898
20899
20728
37181
13298
25557
25555
36312
25551
36319
35646
20098
20099
31946
20090
20092
20093
20094
20095
20096
20097
16903
16902
16901
16907
16905
16909
16908
19506
12216
12214
15848
15843
15842
15840
15847
15846
15844
32076
31263
29348
29347
29345
29344
29343
29342
29340
18941
21412
18943
18942
21417
18944
18947
18946
18949
37378
19504
24178
14589
18017
14588
37854
26829
26823
26822
26820
26827
26824
16028
33808
14581
37191
14580
18002
18450
27748
21013
18456
16020
18366
18361
33470
18363
18362
17457
24549
18369
16022
28348
17995
17994
17993
17992
28438
28340
14463
14460
14461
14466
14467
28430
14465
15591
15590
15593
15595
16026
15597
30610
15598
16027
16200
13850
13851
13856
13857
13855
17852
13858
16202
17853
16751
16204
16205
19926
16207
16208
16209
28435
35593
35260
35264
23256
32739
30965
15334
15337
15336
12451
15330
15333
15332
27015
27017
15339
15338
22258
21721
37554
22251
22252
22253
22254
18855
22256
22257
21722
21725
21724
21726
16674
19022
19305
16736
16737
16730
16732
16733
16739
16228
16229
16222
16223
16220
16221
16226
16227
16224
19905
21624
21625
21626
21627
21620
21621
21622
21628
21629
33344
33345
27210
26053
26056
26057
26054
26055
17859
33346
17175
17174
17177
17171
17170
17173
17172
22823
17178
19227
27668
33347
36765
36811
14853
14852
14851
14850
14857
14679
14678
14677
14676
14859
14674
14673
14672
18882
14670
27660
13088
33341
21861
13080
13082
28480
20688
36101
36107
18778
18779
18772
18773
18770
18771
18776
18774
18775
27832
27831
20289
27836
27834
20285
20284
27838
20281
20280
20283
20282
28552
33343
29289
34578
19930
29282
29283
29281
29284
29285
16345
36347
25880
15109
15106
15107
15104
15105
15103
15101
29130
29132
29133
29135
29136
29137
29139
22558
18087
18083
31773
18088
18089
34506
12596
34056
22223
12841
12845
35904
31484
26614
26615
26617
26611
24288
33315
23067
23060
21748
28081
28080
24281
24287
28088
32382
22625
31082
26531
26530
26537
26536
26539
24755
16340
31089
24758
28663
28661
28667
23394
28888
28222
28886
28669
28883
28882
28881
28880
18377
13647
13645
13644
35672
13642
13641
13640
26286
26284
13649
13648
14244
37547
19244
14245
19029
19028
16039
16038
16037
19024
16035
16034
19753
19020
19023
16030
17619
14240
17348
17349
17611
17612
14717
17614
17343
19247
17341
13508
13509
25394
25395
13500
13501
13502
13505
13506
13507
24121
12947
28569
27226
27224
27222
27221
33699
27228
27229
20708
20709
20878
20879
20877
20702
20703
20704
20705
20870
20707
36371
25578
25574
36378
25570
25571
25572
16692
16690
16697
16696
16694
28155
16699
35729
29566
28156
17156
31402
19243
32984
35675
28555
29560
33313
16969
18637
17158
37950
16960
16963
16962
16965
16964
16967
16966
37776
18633
27069
12276
36593
33302
16090
14992
14990
14996
14997
14994
14995
37425
18966
14998
18964
24115
18962
21476
12491
33081
26845
28551
26847
15446
26848
15917
15911
14193
14197
14194
14195
15821
15820
15825
15824
15827
15829
15828
28553
31125
31122
18343
14337
14442
14335
18347
14445
18345
14331
24560
14449
24562
18348
28418
28419
14339
17979
17977
17973
17972
34338
30367
34332
34997
33308
30360
13878
31549
13871
13872
13874
31541
13877
34191
34198
38393
33311
23728
33715
23232
23727
30943
15312
15311
27038
15317
15316
12475
15314
27033
27032
15319
27030
27034
33089
33366
21031
21030
21033
21032
21035
33367
32594
28716
35242
33364
33223
19256
16201
19254
19255
19924
16757
19250
19251
19928
19929
19259
33222
25760
30425
25766
21866
21643
21864
21641
21646
21645
37433
25794
33363
21464
25024
30440
26072
26073
26075
26076
25790
27522
17153
17150
17409
17408
17155
17154
17405
17404
17406
17400
25184
25187
25181
13318
25183
13314
13316
13310
13313
13312
36298
36291
36745
14839
14838
14831
14830
14832
14835
14834
14837
14836
20119
20115
20114
20116
20111
20113
36124
27858
27768
33244
27583
27850
27587
27854
32375
18574
18576
29110
18572
18573
18579
15124
15125
15127
15120
15121
15123
15128
15129
33246
31713
21965
26984
26985
26987
26981
33241
18750
18751
18752
18753
18754
18756
18757
18758
18759
33578
34072
12866
12869
33240
28216
28745
28215
26672
29619
33243
26676
26677
26675
28069
28742
23005
28067
28743
28060
28062
22359
33242
22354
22357
22356
22603
22353
22352
26516
26513
36082
28609
13136
31462
28601
28603
28605
28606
13133
35653
14964
32929
19008
19002
19001
19000
19007
19006
19005
19004
25378
25377
25374
34292
17215
27208
27204
34922
27206
27200
27202
17213
24994
25519
25511
36213
36356
21981
21980
21983
21987
21989
33971
33777
17219
17364
17365
17360
14307
17368
12784
12787
28467
33355
24156
28466
16947
16414
16417
16944
16411
16410
16413
16940
32032
14309
31697
16948
21189
12256
12250
21181
21180
21183
21182
21185
21184
21187
21186
17093
17091
20850
17094
20853
17098
20858
20859
27457
21457
21456
21455
21326
21321
21452
21451
19147
21329
21328
21459
26989
33389
19145
27453
33380
33382
33383
33384
33385
37405
33387
38015
20581
20586
20584
20585
20588
19141
17079
19366
26869
16663
26866
26863
16660
26861
26860
16666
16667
19360
32317
13127
13124
37655
13123
15809
15808
15806
15804
15803
15802
15801
15800
33103
33570
28472
18328
28471
14319
28474
28475
18320
18323
14317
18325
14311
14312
14313
20327
17959
17958
20322
27440
20321
17953
38004
17950
16716
20328
17954
12711
37659
31525
29074
29076
29071
29070
29073
29079
31533
28296
23216
28294
23745
28293
28291
28299
27051
27050
27057
27059
27058
12419
12411
12410
15373
15372
15375
15374
15377
15376
31034
31037
31032
35008
31038
31039
19490
19491
19494
19497
19498
19499
33328
34715
33322
25612
33323
33320
16778
33321
19278
19279
19274
19275
19276
19277
19617
19271
19273
22166
22167
22165
22162
22163
22160
25618
33325
22168
22169
19614
21936
14927
25743
25742
25740
21668
21669
21848
21849
24838
19615
24837
21662
21663
21840
24833
24830
21843
21111
21117
26098
26099
26096
20560
21115
26092
26090
21118
21119
17138
17429
17131
17130
17421
17132
17427
17426
17425
19610
13338
36726
13333
13332
13331
13337
32256
13334
32160
20139
20138
20133
20131
20130
20137
20136
20134
14862
14921
20963
27877
27874
22351
26868
27025
14860
29247
29244
29245
29242
29243
14816
14815
14814
18516
14812
18514
18515
18518
14819
14818
15142
15143
15140
15146
15147
15144
15145
15148
27023
34272
31735
27029
37679
37674
33594
37676
37895
12888
12885
34015
12883
12880
26652
26653
26654
14765
14764
14767
14766
14761
14760
14763
14762
24245
14945
14768
24242
28599
28598
28043
28590
28593
28595
28046
23026
28044
22379
22378
12460
22371
22370
22377
22376
22374
31193
31190
31197
31195
13935
38331
31199
13936
13933
13932
24799
28623
28622
19854
28629
28628
38213
19855
31999
13688
13683
13681
31990
13687
13686
13685
13684
19061
19060
19063
19065
19067
19066
19069
19068
37601
29455
25355
25350
25351
25352
28341
29453
25358
29452
25689
25683
25681
25687
23978
17536
19652
23970
22081
22083
22085
27262
22088
19754
27266
27267
25531
25534
25535
19685
19684
19687
19686
19681
19680
19683
19689
19688
28344
17302
17301
17307
19752
17309
19651
16433
16431
16430
16437
16436
16434
16439
16438
28545
31278
20832
20833
26137
26136
20837
26132
20838
20839
31442
21303
21302
21300
21306
21305
28730
37468
21309
21308
22963
19655
21816
29015
14596
14158
14159
14156
14154
14155
14153
14151
13108
14590
37277
13104
28493
13100
13103
14484
14485
18305
14487
18303
18650
18653
14483
14488
18658
33614
18308
28458
38025
14378
17932
17934
17936
14372
14373
14370
14371
14376
33907
14374
28457
20308
20309
20304
27466
20307
20300
20301
20303
36552
19990
32702
28736
19737
21811
17753
15689
27966
16769
15681
17755
15683
15682
15685
15684
15686
29052
29050
29057
17757
28262
29505
29504
29507
29506
29501
19269
23767
23765
28905
28902
15425
15424
12435
15421
15352
15423
12430
27077
27076
27075
15428
15359
15358
31052
18840
31503
31056
31057
31054
18841
31059
18842
14894
27815
19479
19476
18844
19475
19473
19471
18846
34732
19732
24474
24473
24470
35286
24478
19218
19219
19212
19213
19210
19211
19216
19214
19215
22148
22149
22418
22419
22144
22145
22414
22147
22140
22413
22142
22143
13746
13747
13744
13742
13740
13741
27921
26304
29543
26303
13748
13749
21828
21829
28671
21823
21820
21821
21826
21824
21825
30107
28672
32084
17117
17443
17445
17444
13351
13350
19937
13355
13356
13358
36708
36255
36701
24814
24815
24816
20151
20150
20153
20152
20154
20157
20156
21856
20462
28591
33855
20397
20464
20394
21674
27895
19933
28329
27891
29264
29265
29266
29267
29260
21671
28327
21670
29268
28324
28325
19932
28490
18539
18828
18826
18827
18532
18533
18822
18535
18536
18821
15168
15169
34258
37016
30228
30229
15160
15161
15162
34250
15164
15165
15166
15167
29190
29197
29194
29195
28815
18794
18795
18797
18790
18791
18793
22239
18798
18799
37612
37616
22232
28362
28597
14743
14742
14741
14740
14747
14746
14745
31097
24263
14749
14748
30118
13919
26431
13912
13911
13917
13916
38279
34036
31098
31099
33654
35344
35613
22406
31310
31313
31312
35619
31319
31318
12780
28511
19049
32968
19047
19046
19045
19044
19043
19042
32960
22311
22310
22312
22314
22317
22316
22319
22318
28495
27795
25336
25337
25334
12565
23953
23402
27240
27243
27244
27246
27248
18978
35976
28497
37256
29610
16183
16182
16181
16180
16187
16638
16185
16184
16635
16634
16189
16188
16631
16630
16633
16632
16415
12746
12741
16945
32405
17329
33737
16416
16943
17322
17325
17326
28241
16458
16989
21149
21148
16983
16450
16453
16452
16987
16454
21143
16984
12299
17415
12291
28240
33225
16418
20818
20819
26117
17142
26115
26114
20810
20811
20812
20813
20814
20815
20817
33221
21188
21368
25195
22942
37448
21361
21363
21362
21365
21495
21494
17589
17584
17581
17582
34897
14174
14175
18495
14177
18493
18492
18491
12483
14178
14179
18499
18498
15902
12258
35573
12487
20855
15457
36067
20857
36061
17096
13160
13167
13165
14350
14351
18671
33255
18677
18676
18675
14357
14358
18679
33258
33259
38047
17918
17917
17913
17911
17910
20368
27409
34939
20362
20363
20360
20361
20366
20364
27405
12985
12983
12980
28855
12989
19878
29039
29038
29528
33430
29031
29522
29033
29032
29527
29526
29525
29036
29125
15402
15401
15400
15406
15405
28450
15409
15408
26757
26756
26750
26758
31078
31079
21454
31070
24133
31072
31074
31075
31076
19188
19189
24131
19182
19183
19181
19186
19187
19184
34758
30174
21026
28924
28925
28926
32197
24454
24457
28928
21028
22435
22436
21029
22431
22432
22433
22438
26325
22128
22983
26320
26321
22122
19872
22121
26328
26329
22124
22125
13768
13769
13764
13765
13767
13760
13761
13762
13763
19454
19456
19457
19450
19451
19452
19453
31126
19458
19459
30170
33386
19870
32270
19982
19231
19232
19234
19235
19984
19237
19238
19239
19988
19989
17468
17467
17466
17465
17463
37489
17461
17460
25475
25474
25471
13379
13378
13377
13375
13374
13373
13371
36279
20589
36274
21801
21802
21803
21804
24877
24874
24875
21808
20179
20177
20175
20174
20173
20172
20170
36186
28659
16846
16845
16842
16843
16840
37482
16848
12177
28023
26862
29203
29200
29205
29208
29209
36986
18804
18805
18806
18807
18800
18801
21770
18803
18808
18809
21778
21779
33009
37589
33001
37584
26928
26929
26924
26922
26923
26921
37632
27841
37638
30230
21974
29602
14354
26696
26691
26692
26699
21795
30573
24205
21796
24206
35984
14355
14729
28559
28558
28008
14721
14720
14723
14722
14725
14724
14727
14726
30204
30205
30207
30200
30201
34236
28224
14356
30209
35180
13973
13972
13974
13976
35189
18116
18117
18112
38253
33707
34586
31333
31331
31330
31337
31334
31339
31338
35361
25916
25914
25915
22337
22336
22335
22334
22332
22331
25648
25647
25313
25314
25315
25640
13570
23428
23420
34286
33306
28301
37235
30136
16619
16618
16613
16611
16610
16617
16616
16615
16614
27949
22595
28473
12762
30137
12764
28477
16476
16475
16474
16473
16471
30134
16479
21169
21168
14315
21162
24993
21160
21167
14316
24997
24996
18322
32819
18324
26178
26170
26172
26176
21347
21346
21345
21343
21342
21341
24196
20324
21349
22926
27442
13499
29269
13493
13490
13491
13496
13497
13494
14112
14113
14111
18479
18478
14115
18477
18476
18471
18470
18473
18472
17707
17702
17955
17700
17701
19357
20329
17003
17708
19608
13141
20699
13144
16659
13148
20693
20691
20696
20697
20694
20770
19604
36514
20772
36040
19607
18619
18618
37939
19606
33278
33279
18611
16121
18613
18612
18615
18614
33272
16120
20436
20341
20434
20435
20432
20345
20346
20431
20348
27429
16650
34918
37885
20439
27940
14295
27947
15649
15648
15645
15644
12967
12961
15640
15643
12962
29541
24126
29012
29011
29010
29548
29019
29018
15469
15468
15399
15461
15460
15463
15390
15465
15396
15466
26772
26771
26770
26779
26778
19915
30196
34777
28766
28764
28765
28946
28763
28944
28945
24432
24601
28948
15455
28768
22101
22451
22457
22106
22107
22109
35794
26341
26344
26345
26349
35798
13708
13709
13702
13703
13700
13701
13706
13707
13704
19432
19431
19436
19434
19435
19438
19439
24055
37648
24057
35421
35427
37054
16288
16289
27167
27163
21126
16280
16281
16282
16283
16284
16285
24950
25453
25451
19815
25108
25101
25100
25103
25102
14233
19816
24852
24853
24856
14232
28297
16869
16864
16866
16867
16861
16862
36225
12158
20999
20998
29228
29220
29222
29223
16133
29227
18862
18863
18860
18861
21758
18867
18864
21754
20991
18868
18869
21750
20990
26905
26906
26907
26900
26901
19813
26908
26909
37338
15379
29488
29484
29486
29487
29481
29482
32647
18286
18287
14257
14256
18282
18283
18280
14252
24225
14258
14709
14708
31238
28579
28573
28571
28577
28576
28575
28574
15371
30265
34214
30922
31139
31138
13958
13957
13956
31137
35165
31131
13952
31133
13950
28681
28680
28683
28682
28685
28687
18134
18135
18136
18137
28619
27424
31352
35304
21386
21384
23193
15076
16837
15075
15073
15071
27009
16347
15078
15079
29440
16834
25938
19821
25936
25937
25931
16832
23994
29443
19823
29444
19822
23999
27284
27286
27282
17527
29331
27288
23444
18242
30119
19829
14925
16348
18241
17292
18246
16838
33312
19375
16670
19377
16672
16675
18244
16677
19372
16679
14296
19379
19378
32309
12701
12703
12708
25665
25661
25662
25663
26483
33318
25669
21101
21100
21103
21102
16499
16498
21107
21106
16495
21108
16497
16491
16490
16492
22711
22719
26152
30845
26158
25591
25597
25595
25598
35626
29509
29421
31245
22902
31796
33869
37983
33914
14138
14139
18459
18458
28799
33478
14130
14131
18451
14133
18457
14135
18455
14137
27990
27991
27992
27995
27997
17724
27999
33863
17722
17723
36534
28794
28793
17879
36020
28790
36026
33218
33219
19970
33213
33211
33216
33214
33215
20418
34974
20414
20415
20416
20417
20412
20413
21707
19977
21706
21705
21704
21703
27508
21701
37318
27964
15669
15668
27977
15663
15661
15660
15667
15666
15665
12944
29569
29568
29567
17746
29565
29564
27967
17747
14394
14395
18635
18634
14390
18632
14392
18630
20651
14398
14399
18639
15447
15914
15445
15444
15443
15910
30743
15440
12499
12498
15919
15918
15448
35961
33816
36557
27961
26712
26715
26716
33052
27960
34796
22161
25691
25690
37574
24410
24415
27549
24419
28968
28748
25697
28218
23297
28217
28746
25696
28740
28965
28210
28211
29483
34690
22475
13720
26369
13722
13723
13724
13725
13726
13727
13728
26361
26362
26363
26366
19418
19419
19149
19146
19411
19144
19413
19142
19415
19416
19417
23962
35446
32795
23870
23878
27141
27140
27146
27145
27149
30863
25438
25431
25432
36233
25125
25124
37680
37685
37684
32559
24511
24510
29156
16809
16802
16801
16806
21660
29155
21845
12132
21847
36949
36494
21664
38092
21841
21842
21667
18848
18849
21739
27937
14899
37549
14897
14896
14895
21731
14893
18845
14891
21735
27723
26962
26960
26961
26964
26968
26969
14097
14095
14094
14093
14090
14099
33454
13264
13263
13268
14273
14272
14271
28512
14277
14276
14274
28519
28518
14279
20065
20064
20067
20066
20061
20060
20063
20062
20069
20068
30248
26097
30241
30534
30243
30246
31118
12920
31113
31112
31111
31117
31116
31115
31114
18158
18153
18150
18154
34093
38292
15608
24103
27803
15258
27771
27772
15058
15059
15055
15057
15050
15051
15052
15053
29607
35140
29603
25952
25953
15250
29608
25955
23461
32495
23469
34630
28178
34639
28508
19798
35851
35328
31378
19352
32671
19350
16129
16128
19355
19354
16125
16124
16127
16654
16653
16652
16123
16122
12729
12727
12721
16950
16951
16952
25600
16405
25606
25604
25605
16954
25608
24609
16955
24959
16956
21129
21128
24955
24954
21125
21124
21123
21122
21121
21120
17423
22735
17422
19739
20079
16058
31804
19085
17135
16508
19735
17137
16054
19089
33987
21389
16504
33236
21383
16051
21381
13339
19730
17299
17528
17526
17295
17296
17525
17520
37758
13458
13459
13456
37201
13454
13455
13453
13450
30506
21192
33979
14666
33188
33180
33181
33187
13185
17749
20659
20656
20657
20654
27975
20652
20653
20650
17745
36000
30765
36007
30988
34404
20384
20385
20386
20387
20380
20381
20382
20383
20478
34950
20473
20470
20476
34956
32694
18431
18430
33456
18432
18434
18437
18436
18438
15601
15600
15603
12922
15605
15607
15606
12928
16259
16643
20887
33230
33231
33233
33235
18389
33237
33238
18386
18385
18384
18383
18382
18381
18380
15932
15931
15937
27408
15935
15934
15939
30980
26737
26734
26732
26730
33831
26738
24380
37036
24383
24385
21441
31580
24389
21442
24123
21445
21446
14516
14517
14514
14515
14512
28231
28232
14511
28238
28239
14519
21017
28728
38171
37701
28720
28726
19553
28724
28725
19552
19555
29319
21012
21011
21010
19164
19166
19167
19160
19161
32803
19168
19169
27928
35461
19292
19293
19290
19291
19297
19295
19298
19299
23815
27129
27128
27400
27121
27120
27123
27122
27126
25141
25140
25413
25144
25411
13624
25148
25419
25418
28963
16356
16357
16354
16355
16352
16353
16350
19831
16828
16829
16358
19839
12111
27404
17199
17198
17195
17194
17193
17192
17191
17190
28234
36969
21246
21247
21244
21245
21714
21715
21240
25481
21718
21719
37568
21248
28233
27354
25487
26940
26944
26945
26946
26947
37692
14079
25969
16655
14075
14077
14076
14070
14072
25267
13241
13240
13246
13245
13249
21135
12414
14219
14218
28539
14211
14210
14213
28534
28532
14217
14216
20043
20042
20040
20047
20046
20045
20044
20049
20048
30518
16277
28727
36617
16276
18170
18171
18172
18174
16273
18177
18178
18179
19952
24169
18511
14813
18517
28391
28390
33691
14811
28395
28394
28399
14810
27713
27711
37297
27715
27718
15812
15038
25976
25977
15032
15030
15036
15037
15034
15035
31170
31173
31172
31175
31174
31177
31176
31179
29622
29623
32474
26992
23485
34613
34279
28966
24597
24596
24593
35874
31394
35693
24599
19339
19338
16109
16108
16103
19330
16101
16100
19627
16106
19337
19336
22283
22282
22280
22287
22538
22284
22288
22532
13885
13887
13881
13880
13883
17945
26444
26447
13889
13888
14498
24624
25621
25625
24979
24978
28449
24973
24971
24974
22759
18332
14492
22751
18330
26199
14490
31825
26193
18336
26197
26195
14364
14495
28967
14366
17505
17506
17507
17501
17503
17509
13474
13475
13476
13477
13470
13472
13473
13479
32610
27476
25085
25087
25082
16986
20674
20675
17762
17763
20670
20671
20672
20673
17768
17769
20679
20766
17013
20764
20765
19618
37094
19619
36574
33276
19616
20760
16641
20761
16134
20906
20907
20904
16135
20902
20903
20456
20457
20458
16132
19613
19342
37675
16647
33433
12307
32617
18419
12302
18417
18416
18415
18414
18412
18411
18410
30168
15627
12906
12905
15624
30161
15622
15621
15620
21504
24027
21506
21500
21503
37739
37223
15959
15489
20800
15951
15950
15953
30702
15955
15957
15956
14686
14687
14684
14685
14682
14680
14681
24366
24362
14688
14689
23812
27450
28253
28250
28703
14538
14539
28254
28255
14534
14535
14536
14537
14530
14531
17889
17888
34422
17880
17883
17885
17884
32717
19102
19103
19100
19101
19107
19105
19108
19109
24618
14769
35482
21015
28877
23346
28872
28873
23831
23830
14480
28879
27107
27106
27105
27104
27103
27100
25146
21014
21131
25168
21134
25163
25162
25160
16590
16591
16593
16594
16595
16597
16599
12682
12687
21881
21883
21884
21886
30193
28045
21081
21082
21083
19818
19819
21086
19814
21089
16376
16377
16370
16371
19812
16373
32914
26276
28915
26270
22372
26278
20988
20989
28910
37502
21268
21269
21264
21265
21266
21262
21263
31811
18837
20981
27047
15886
15733
14059
14058
14052
14050
14057
14054
15880
13229
36908
13223
13227
14237
14236
14947
14946
14941
18993
18990
18991
14949
14948
18998
18999
18892
27078
20028
34859
28621
20020
20023
20022
20025
20024
20026
36635
24147
18198
18199
18192
18890
18191
14606
33785
30935
14604
14605
18585
29399
29429
29426
29395
29424
14601
29391
29392
35017
23135
15010
15011
15544
15013
15014
15543
15016
15541
15018
15019
24142
27734
27736
15549
19836
25998
19837
25992
19834
12533
16823
31159
31158
31157
19832
31155
31626
31153
31620
31151
19833
32459
19830
18894
32451
16351
24140
34673
14930
33301
14280
31096
14281
19838
32119
32547
14287
14284
28895
32541
14285
28717
14938
22519
18276
14288
22514
26469
18274
26463
30477
26460
26467
18272
24648
35639
18271
24642
24645
28118
24646
22775
32755
18055
18054
18052
31849
18051
31841
34359
16161
16160
16163
16162
16165
19644
19311
19310
16169
16168
19319
19318
17566
17564
17565
30301
34353
13412
13413
13410
13411
13417
13414
13415
32945
13418
13419
14255
24910
24913
24026
15726
24916
20612
27933
20610
27931
20616
20617
20614
17786
20618
17785
25206
28780
25204
15727
25200
25201
25208
16787
16783
16782
28785
20928
20929
20924
20925
20926
20927
20920
20921
20922
20923
32679
21695
21710
21697
21696
21690
21693
21692
21699
21698
12323
21713
12326
14250
30788
33410
33147
33144
33143
33416
37561
30499
30149
30148
21716
30143
30142
30493
21717
30147
30146
30145
30144
27943
13776
27942
29097
29095
27513
29092
29090
21523
18690
18693
18692
18695
18694
18696
18699
18698
21529
24008
35538
27945
27459
32763
18654
24346
24342
32732
24349
36568
22409
22156
36562
18035
18034
18037
18030
18033
28796
18039
28279
14558
14559
14552
14553
14550
14551
14556
14557
14554
28277
15976
15975
15974
15973
15972
15971
38137
15979
15978
13783
13780
13781
13786
13787
13784
13785
13789
23979
27447
19128
19129
27694
27693
19120
19122
19123
19124
19125
19126
25834
25837
25831
25830
25838
20914
27493
23362
28858
28859
20911
28857
28851
28852
20910
12525
15204
15207
15201
20441
12522
15209
27095
22188
22180
22182
22183
22184
22185
22186
22187
28304
28975
28307
16578
16579
16576
16577
16574
16575
16572
19781
19782
16571
28029
28302
12666
32832
12661
35352
37695
16318
19879
21068
16312
16313
16310
19871
16316
19877
16314
19875
29163
29162
29161
29160
26258
21830
26254
28712
26250
26253
24800
21835
21209
21202
21200
21201
21206
21207
21204
21205
28970
32367
32360
14031
14030
14032
14034
14036
14039
17044
17047
17046
17041
17040
17043
17042
17049
17048
13206
13205
13202
13201
28918
33422
36438
36385
36431
36920
14963
14962
33351
14960
14967
33356
14965
14788
18206
18207
14785
14968
14783
14782
14781
14780
20007
20554
20005
20556
20551
20002
20553
20000
20559
20558
20009
20008
12815
27448
12546
30550
34875
30557
36651
15262
12541
27070
37972
15780
15781
15782
12931
15784
15785
15786
15787
15788
15789
30195
29406
29407
29400
29401
29408
29409
15269
28161
32992
32631
34388
15568
15564
15565
15566
15567
15560
15561
26897
26892
26893
26890
26891
26898
26899
24578
31604
34655
34121
34128
28537
28536
28535
35833
35387
23111
28530
23119
22571
30514
22578
26401
26400
26402
26407
27529
24663
24660
24668
28133
17129
32437
28134
28139
28138
22799
32655
33412
22791
35524
31864
28560
19728
16049
17127
19669
19095
19667
16146
19665
19664
19663
19662
16141
16140
17549
19725
17238
17239
17236
17541
17542
17543
17544
17546
17547
13438
13439
16040
37961
13430
13431
13432
19093
13434
13435
13436
37212
20736
24939
24936
24935
24933
24930
27919
20630
20632
20635
27916
20637
25224
25226
25221
25222
19974
20948
20949
28375
20942
20943
20940
20835
20946
20947
20944
20945
30996
30802
33167
33160
33161
33162
26587
33168
33169
12342
12347
21549
21548
33290
33291
33296
33294
33295
37267
21540
21543
21542
21544
21547
21546
20494
20496
20497
20490
20491
20492
20493
20498
20499
22894
22211
26791
26795
26796
26799
26798
24323
24320
24326
24329
33361
37460
30121
30120
30123
30122
30125
30124
30127
30126
30129
30128
31290
31291
31292
31293
31294
31295
25070
31298
31299
14570
24499
14572
14573
14574
14575
14576
14577
14578
18019
24494
24495
33839
38113
17844
17846
17843
15998
21001
15995
15994
15997
15996
15991
19257
15993
31478
31470
35736
21005
21006
26749
15197
15196
27679
15190
15193
15192
27674
27677
15199
27670
27673
25811
25815
25814
25818
28838
28839
28954
28832
28830
28831
28836
28837
23306
15223
15222
15220
12506
15225
15224
15229
27079
16554
16557
16550
16551
16552
16553
17259
16558
16559
16088
16089
16082
16083
16080
16081
16086
16087
16084
16085
16130
33256
19850
16883
19852
19853
16334
16335
16336
19501
19858
16888
21048
19508
19509
26238
26232
26230
26237
21220
21221
21222
21955
21953
21226
21227
21229
17686
17685
28714
17681
17688
13597
13596
13595
13594
13593
28711
13591
28710
13599
25978
14017
14015
14014
14013
17063
17062
17061
20794
20793
17066
17065
17064
17069
17068
20799
20798
16330
36412
36416
14909
14908
14901
14900
14903
14902
14905
14904
14907
33336
34813
20570
20577
20576
20574
20579
20578
36677
16266
18209
16332
19944
19945
34647
19252
16260
33059
15768
15766
15767
15764
15765
15762
15763
15760
15761
29462
29463
29466
29464
29465
38181
29468
17394
18224
18226
33761
18221
18222
18223
18839
16269
18229
30825
37804
34264
18835
15509
18834
15501
15507
15504
15505
31661
18524
18831
37104
18520
16036
16337
18307
34101
18306
34109
37287
19253
18651
14482
18652
28483
28482
28481
19897
28487
23177
28485
30234
28334
28489
28488
30237
28333
30588
22228
16173
18659
22227
22226
22221
22551
22222
31085
31087
31086
31081
31080
31083
26428
32875
30232
26423
26422
24689
24688
28459
28086
24686
17933
24683
24682
38305
14379
28152
32413
28154
27733
17939
28451
31886
35503
23796
28453
23791
28454
23799
27086
27087
27084
14444
28456
27081
27088
27089
25798
25799
25028
25026
27468
16059
25022
25791
25020
27469
14446
27464
27338
27334
27335
27337
27332
17232
27461
36089
25248
19628
25240
27463
25246
25247
25244
17214
19331
17217
17210
17211
19622
17218
19333
17230
36887
19626
33586
16055
16105
28410
19624
17231
12366
12364
37605
33109
37607
22286
16057
24046
21565
21564
21563
21562
21560
37454
21568
13420
32262
20960
20961
20962
18527
20964
20965
20966
20967
20968
20969
30905
24308
35107
24303
24307
16050
28411
13016
13017
13014
30109
30108
30455
30106
30105
28446
16053
31279
31276
31277
31275
31272
31273
31270
31271
18079
18078
14598
14599
18071
18070
14594
14592
14593
18077
14591
20216
20214
20215
16052
20213
20210
27531
17861
17860
17867
17866
27539
33392
24620
18240
31419
28055
31411
23541
22323
23096
28052
27652
27650
27657
27654
29144
29147
29146
29141
29140
29143
28442
25872
29149
29148
25876
28810
28813
28814
23322
28816
28817
28819
25402
28441
24251
15248
15241
15240
15243
12562
15245
15247
15246
35752
28440
35758
29056
16532
16533
16531
16536
16537
16534
16535
16539
12620
12627
32015
29058
21022
21020
25999
19528
21027
21024
21025
19524
19525
19526
19527
19520
19521
19522
19523
22056
22057
22051
12194
12196
32204
26211
26215
26216
26219
33299
28906
25498
25497
25494
25491
25490
21799
21790
21791
21971
21972
21797
17664
17667
17666
17663
17662
21712
13579
21899
15356
13575
13574
13577
13576
15427
13573
13572
34487
26192
15353
18546
15420
15722
15351
15422
17008
20779
20778
31185
20775
17000
20777
17002
17005
17004
20773
17006
31187
36474
27072
31182
12438
20518
18543
20510
20513
20512
20515
20516
15347
18598
36692
14638
14706
15744
15745
15746
15747
15740
15741
15742
15743
15748
15749
14633
18593
14705
14631
29449
14630
29338
31053
29336
29337
29442
29335
29332
29445
29446
29447
14291
14926
14293
14924
14923
14922
14297
18245
14299
14634
14929
14928
15520
15522
15525
30660
15527
15528
15529
30848
34346
30668
21097
35024
32040
16362
31647
21095
31641
28688
19800
37124
21093
19806
34699
19805
21090
34164
14701
19809
14434
14437
14436
24519
14430
14433
36144
24514
31983
14439
14438
28318
37368
19477
28313
28312
28310
23154
28316
22208
22203
22201
22200
22207
22205
22204
13809
13808
37327
13805
13804
24018
32883
13801
13803
13802
28177
28176
37497
28172
28171
28170
28179
33662
18266
33847
30869
37812
28506
35568
18043
18732
35560
18045
18730
21450
30645
25004
30315
25001
25003
32048
18301
15097
21074
26269
31788
27359
27353
27351
27356
27357
37531
25260
25262
25263
17761
25268
16275
19954
19957
19956
19951
16270
19953
16272
32240
16278
27951
27952
27788
27953
17272
17273
17271
17276
35125
36869
28461
27959
21070
27785
12387
12386
33124
27784
26005
35600
37517
27565
28463
32779
21589
21588
21585
21584
21586
21581
21580
21583
21582
17497
17495
17492
17493
17490
17491
22855
17498
17499
13386
13387
13384
13385
13382
13380
13381
20986
20987
20984
20985
20982
20983
20980
13389
32771
28465
21002
31316
18589
14608
14609
18581
14607
18583
18582
14602
18584
14600
18586
20186
20187
20184
20182
20180
20188
20189
13038
13030
13032
13033
18724
18727
18726
18721
18720
18723
18722
31780
32248
18729
18728
18058
28788
17800
17807
17806
17809
28782
28784
33877
28786
28787
30781
20238
20239
20234
20235
20236
20231
20232
22141
31588
23525
27631
27636
27639
25854
26308
25850
25858
31254
31255
31256
31257
31250
31251
29165
29164
29169
29168
31258
31259
27480
15267
12814
15265
15264
12810
15261
27188
27187
27486
27185
27183
27628
12549
27487
27485
35952
31435
35771
16518
16519
19098
19099
16048
19729
16046
16511
16512
19097
16514
16515
19720
19721
12609
22695
37823
12601
20909
12604
32168
26583
26584
14892
28376
24726
24725
24722
24721
24531
24728
21008
21009
19548
19549
21000
19543
19540
19541
19546
19547
19544
21007
22074
22076
22073
13636
13634
31925
13632
13633
13630
13631
13638
29178
21918
21919
21912
21910
21916
17398
17649
17648
29175
17390
17641
17392
17647
17646
17645
17644
13559
13558
13553
13551
13550
13557
13556
13554
19894
19895
19695
19890
19892
19893
19898
19899
17027
17026
17025
17024
17022
17020
17029
17028
20759
20752
20751
20754
36326
36452
27232
20535
20534
20533
20532
20531
20530
20538
33438
27199
15272
34540
12554
34830
15890
15723
15720
15893
15894
15895
15724
15725
15898
15729
29314
29315
29311
29312
29313
35090
20771
18268
18269
33669
18919
18916
18917
18914
18915
18264
18913
18910
18267
15098
15099
30166
15090
15091
15093
34367
15095
15096
12902
30163
30162
33683
33300
37143
17441
17115
28520
28521
17113
35898
17112
28371
14412
14411
28372
14417
28374
14415
14414
28379
28378
14419
28527
13829
13828
30565
13821
13820
13827
13826
13825
13824
28199
28195
28194
13353
28193
28192
34142
38344
34149
16429
